35984
35994
36000
36006
36039
36044
36046
36065
36085
36113
36115
36145
36444
36445
37248
37404
37407
37408
37410
37411
37412
37413
37414
37415
37416
37417
37418
37419
37420
37426
37434
37436
37437
37439
37441
37442
37443
37449
37451
37461
37462
37463
37464
37469
37471
37475
37476
37477
37482
37489
37490
37491
37492
37498
37499
37502
37509
37510
37511
37514
37540
37544
37556
37557
37558
37588
37620
37621
37630
37650
37665
37680
37681
37683
37686
37687
37688
37689
37691
37692
37697
37699
37702
37704
37706
37707
37711
37727
37734
37743
37747
37748
37749
37750
37751
37752
37755
37756
37758
37759
37760
37766
37803
37806
37819
37834
38079
38081
38082
38084
38089
38092
38100
38102
38103
38108
38109
38111
38115
38116
38119
38123
38124
38125
38127
38128
38131
38132
38133
38134
38136
38137
38139
38140
38141
38142
38143
38146
38148
38152
38155
38157
38158
38159
38160
38162
38164
38165
38168
38169
38170
38171
38172
38173
38176
38177
38178
38181
38182
38187
38196
38198
38199
38200
38205
38211
38212
38216
38221
38222
38223
38224
38232
38237
38238
38239
38240
38241
38242
38243
38245
38246
38247
38250
38251
38253
38254
38256
38258
38259
38261
38263
38265
38267
38269
38270
38273
38278
38280
38281
38282
38285
38286
38287
38289
38293
38295
38297
38303
38304
38307
38309
38314
38318
38320
38321
38322
38327
38328
38329
38330
38332
38335
38339
38341
38344
38346
38348
38363
38364
38372
38379
38384
38424
38428
38430
38431
38435
38439
38444
38448
38449
38451
38452
38462
38468
38470
38474
38475
38476
38479
38480
38481
38483
38487
38488
38489
38492
38497
38499
38511
38512
38514
38515
38517
38518
38523
38528
38530
38546
38558
38559
38574
38582
38583
38593
38599
38600
38601
38603
38604
38606
38613
38616
38620
38625
38627
38629
38630
38632
38634
38635
38639
38640
38647
38648
38716
38905
38925
38928
38930
38931
38934
38937
38940
38943
38945
38949
38950
38951
38954
38955
38958
38959
38960
38965
38970
38974
38980
38983
38986
38987
38990
38994
38998
39003
39007
39008
39012
39014
39016
39020
39021
39024
39026
39027
39028
39032
39034
39035
39036
39037
39045
39046
39047
39048
39049
39050
39053
39054
39056
39058
39061
39062
39075
39076
39077
39079
39083
39085
39092
39093
39102
39107
39112
39115
39116
39126
39142
39151
39152
39158
39160
39162
39166
39169
39173
39175
39189
39193
39194
39197
39199
39200
39203
39204
39205
39206
39207
39208
39209
39210
39221
39222
39249
39251
39268
39311
39317
39320
39322
39325
39326
39327
39328
39331
39337
39340
39341
39342
39344
39345
39346
39350
39351
39353
39355
39357
39361
39363
39366
39368
39369
39385
39386
39387
39389
39405
39406
39407
39413
39415
39429
39430
39432
39489
39491
39496
39524
39531
39532
39533
39544
39545
39553
39559
39569
39575
39582
39601
39613
39614
39616
39617
39621
39623
39625
39626
39627
39632
39638
39639
39640
39645
39650
39663
39666
39676
39713
39760
39762
39772
39805
39839
39844
39847
39850
39851
39857
39859
39862
39863
39868
39880
39892
39919
39938
40001
40002
40055
40059
40060
40094
40096
40097
40098
40101
40103
40107
40272
40287
40303
40308
40312
40405
40406
40407
40458
40468
40505
40603
40604
40605
40606
40607
40608
40609
40610
40611
40612
40613
40614
40621
40625
40633
40674
40681
40684
40695
40699
40701
40702
40705
40710
40711
40712
40727
40738
40741
40744
40745
40746
40754
40756
40765
40766
40770
40778
40781
40790
40798
40800
40803
40804
40812
40813
40865
40872
40873
41083
41131
41145
41180
41201
41208
41213
41215
41314
41321
41333
41336
41352
41471
41514
41529
41531
41554
41637
41649
41717
41744
41745
41756
41874
41877
41879
41880
41882
41888
41897
41911
41912
41913
41914
41915
41916
41917
41918
41919
41921
41922
41923
41927
41940
41944
41999
42001
42004
42005
42006
42007
42009
42010
42011
42012
42014
42015
42056
42058
42059
42060
42065
42066
42067
42069
42079
42084
42088
42096
42098
42100
42101
42102
42103
42104
42121
42124
42126
42135
42137
42139
42141
42144
42148
42149
42150
42151
42152
42153
42154
42155
42156
42161
42163
42164
42165
42166
42167
42168
42169
42170
42171
42172
42173
42174
42175
42176
42177
42179
42180
42181
42182
42183
42184
42185
42188
42189
42190
42191
42193
42195
42199
42200
42201
42202
42203
42204
42205
42206
42207
42208
42209
42210
42211
42212
42213
42215
42216
42219
42220
42221
42222
42223
42224
42226
42227
42228
42229
42230
42231
42232
42234
42237
42238
42239
42240
42241
42242
42243
42245
42246
42247
42248
42249
42250
42251
42252
42254
42255
42258
42272
42302
42315
42316
42318
42319
42321
42323
42324
42331
42334
42335
42340
42347
42361
42378
42379
42380
42383
42390
42403
42404
42416
42423
42433
42444
42447
42449
42461
42462
42469
42477
42480
42482
42483
42484
42486
42487
42489
42493
42494
42495
42496
42497
42498
42501
42503
42505
42508
42509
42511
42513
42514
42515
42520
42522
42525
42526
42528
42529
42531
42532
42533
42536
42539
42542
42543
42547
42548
42549
42550
42552
42554
42555
42572
42641
42695
42700
42702
42703
42704
42705
42707
42709
42710
42711
42712
42714
42715
42716
42717
42718
42719
42720
42721
42722
42723
42724
42725
42726
42727
42729
42731
42732
42733
42734
42735
42736
42737
42739
42742
42743
42744
42745
42746
42747
43209
43214
43225
43244
43264
43273
43277
43289
43303
43304
43306
43322
43350
43704
43721
43766
43775
43801
43810
43811
43885
43904
43909
43929
43930
43932
43937
43940
43946
43959
43960
43961
43967
43970
43974
43989
44000
44001
44022
44023
44037
44038
44040
44044
44045
44068
44072
44074
44105
44108
44118
44139
44152
44176
44208
44210
44218
44221
44226
44240
44241
44244
44245
44246
44247
44249
44252
44255
44256
44257
44263
44265
44273
44277
44292
44293
44313
44314
44316
44319
44320
44321
44322
44323
44324
44326
44330
44346
44347
44349
44351
44390
44396
44405
44410
44412
44419
44427
44465
44512
44514
44515
44516
44615
44616
44617
44626
44637
44688
44699
44701
44704
44718
44722
44723
44724
44733
44734
44735
44743
44744
44745
44773
44774
44775
44776
44777
44781
44782
44784
44787
44790
44795
44796
44797
44798
44799
44801
44802
44803
44804
44805
44806
44807
44832
44833
44834
44838
44842
44858
44862
44890
44891
44892
44893
44905
44909
44929
44933
44945
44965
45258
45264
45292
45312
45314
45365
45401
45486
45487
45488
45489
45490
45514
45515
45516
45517
45518
45519
45530
45531
45533
45549
45553
45634
45673
45753
45829
45862
45965
46105
46123
46159
46509
46792
46904
46905
46915
47258
47320
47429
47636
47879
47985
47993
48136
48348
48373
48450
48462
48503
48559
48597
48616
48629
48649
48665
48711
48741
48754
49013
49030
49068
49077
49083
49107
49108
49134
49139
49141
49193
49197
49215
49216
49220
49222
49282
49291
49298
49301
49310
49317
49349
49353
49368
49369
49372
49374
49377
49380
49381
49382
49383
49384
49385
49393
49397
49398
49409
49410
49420
49421
49422
49436
49437
49475
49497
49513
49514
49515
49517
49518
49522
49523
49532
49533
49534
49538
49540
49542
49543
49544
49545
49547
49548
49552
49553
49556
49559
49560
49561
49563
49564
49565
49566
49567
49568
49575
49576
49577
49578
49579
49580
49581
49582
49583
49584
49585
49586
49587
49588
49589
49590
49591
49817
49820
49840
49854
49855
49862
49865
49889
49891
49897
49900
49901
49910
50021
50022
50163
50170
50175
50177
50178
50179
50180
50183
50185
50186
50195
50197
50211
50217
50229
50230
50234
50236
50263
50310
50316
50320
50322
50325
50327
50328
50329
50331
50332
50333
50334
50335
50339
50342
50346
50347
50348
50350
50352
50397
50519
50521
50562
50573
50576
50588
50589
50590
50592
50595
50598
50599
50610
50615
50619
50626
50627
50630
50637
50639
50664
50704
50709
50714
50750
50780
50781
50791
50799
50919
50968
50973
50995
51009
51010
51041
51050
51077
51136
51142
51153
51170
51172
51176
51184
51280
51312
51314
51339
51342
51343
51348
51623
51705
51937
51942
52010
52024
52025
52027
52028
52031
52033
52034
52035
52048
52049
52056
52074
52082
52093
52094
52109
52164
52210
52211
52215
52216
52217
52218
52219
52220
52223
52228
52229
52230
52231
52232
52233
52234
52235
52236
52237
52239
52248
52252
52253
52254
52256
52263
52266
52267
52268
52269
52272
52281
52283
52284
52287
52288
52301
52309
52310
52313
52314
52317
52318
52325
52333
52341
52348
52357
52378
52442
52527
52565
52570
52576
52577
52611
52617
52679
52713
52777
52825
52828
52872
52937
52938
52945
52955
52968
52970
52975
52976
52978
53002
53038
53045
53046
53049
53055
53057
53072
53086
53094
53098
53120
53121
53123
53129
53154
53162
53228
53259
53265
53267
53292
53305
53340
53341
53388
53389
53393
53423
53450
53472
53558
53560
53626
53641
53642
53687
53689
53774
53779
53862
53937
53939
53947
53948
53949
53950
53951
53957
53958
53959
53960
53962
53966
53999
54001
54006
54077
54078
54080
54083
54121
54177
54207
54208
54235
54245
54283
54284
54285
54289
54454
54455
54456
54457
54458
54489
54735
54869
54871
54989
54990
54991
54992
54993
55053
55079
55296
55997
56152
56153
56154
56155
56173
56203
56204
56205
56207
56208
56209
56211
56218
56219
56220
56221
56223
56224
56226
56227
56230
56231
56233
56236
56247
56254
56256
56277
56355
56356
56431
56572
56618
56621
56784
57156
57167
57343
57353
57354
57378
57384
57386
57396
57415
57416
57444
57445
57455
57459
57475
57477
57478
57483
57484
57490
57491
57493
57496
57498
57517
57524
57588
57612
57878
57936
57967
58415
58453
58588
58936
58941
58942
59466
59543
60006
60008
60014
60015
60016
60018
60131
60514
60594
60602
60613
60625
60626
60640
60641
60646
60660
60682
60714
60765
60866
61004
61041
61053
61062
61085
61182
61208
61216
61220
61225
61228
61231
61235
61311
61314
61319
61326
61327
61328
61634
61650
61658
61660
61761
61780
61824
61826
62039
62066
62067
62068
62069
62070
62071
62073
62074
62075
62076
62077
62078
62079
62080
62365
62470
62528
62563
62679
62720
62794
63024
63038
63180
63530
63532
63565
63588
63589
63590
63591
63600
63601
63602
63603
63616
63624
63648
63649
63651
63652
63696
63698
63699
63701
63702
63703
63704
63706
63711
63712
63713
63714
63716
63733
63734
63735
63736
63737
63744
63745
63746
63747
63748
64116
64117
64118
64119
64386
64484
64872
64897
64898
64920
64922
64923
64925
65006
65010
65011
65086
65095
65100
65256
65348
65556
65576
65599
65605
65639
65696
68307
70582
70947
72300
72301
72306
72328
72329
72377
72381
72383
72393
72420
72421
72485
72498
72544
72598
72605
72630
72701
72729
72739
73150
73200
73214
73219
73258
73333
73383
73384
73558
73805
74100
74336
74502
74832
75159
75200
75201
75202
75244
75262
75279
75359
75407
75413
75414
75586
75593
75765
75822
75826
75831
75833
75960
76084
76444
76445
76550
76732
76734
76766
76768
76769
77863
77918
78057
78134
78185
78186
78187
78191
78192
78252
78259
78430
78432
78434
78883
78910
646117
646432
646726
647271
653045
653049
653246
662310
665922
666569
666594
670961
670994
670995
677426
682118
682119
684269
685283
688471
688475
697341
701291
705435
711785
713007
713008
719420
722761
737733
737789
737790
737803
739053
739055
748291
749161
752041
752044
768115
781812
781822
781965
785509
786756
786762
789044
819687
821085
823596
826039
827671
828493
830711
834560
838012
838319
838321
838842
843764
844987
849489
849490
849500
849501
849505
849512
849523
849525
854455
854908
856282
856419
856720
860957
889442
894319
895181
897777
897908
898206
898963
901410
901413
904016
904034
904162
904173
904717
904718
904721
904727
904729
904731
904736
910524
910543
910544
910554
911824
911874
911936
913850
913853
913854
913858
913861
913864
913872
918072
924665
924892
925940
