36029
36131
36451
36457
37145
37397
37450
37557
37558
37614
37743
37747
37788
37789
37799
37800
37801
37802
37813
37854
37886
37942
37947
37962
37966
37971
38006
38011
38021
38038
38039
38124
38127
38133
38146
38152
38158
38159
38160
38162
38177
38198
38228
38237
38239
38265
38267
38304
38314
38318
38326
38327
38328
38330
38332
38335
38341
38361
38379
38435
38451
38468
38498
38515
38517
38518
38559
38574
38582
38583
38634
38648
38788
38905
38926
38945
38952
38954
38965
38994
39020
39021
39107
39111
39112
39116
39175
39181
39186
39189
39200
39325
39326
39328
39331
39345
39346
39413
39426
39496
39637
39649
39664
39666
39668
39707
39733
39738
39799
39881
39883
39887
39888
39889
39901
39915
39918
39936
39957
40001
40055
40081
40118
40123
40215
40447
40524
40527
40528
42162
42163
42178
42183
42229
42298
42301
42308
42641
42716
42733
44696
44799
44858
44859
44918
44987
45428
45636
48948
49156
50325
50342
50356
50360
50444
50486
50688
50780
50799
50897
51170
51279
53176
59669
60870
61429
63532
64893
65095
65397
65576
65584
72301
72307
72381
72419
72485
72498
72589
72714
74425
74448
74813
74832
74906
75274
75414
75909
75960
76084
76086
76114
76445
76974
78185
78186
78187
78188
78189
78190
78191
78192
78193
78195
78197
78873
646117
656430
665501
665918
677426
682118
700507
700508
714877
719420
744940
775525
816189
828680
843765
853194
854907
854908
856282
860960
889442
897883
903396
910524
910543
910555
